graph {
	0
	1
	2
	3
	4
	5
	6
	7
	8
	9
	10
	11
	12
	13
	14
	15
	16
	17
	18
	19
	20
	21
	22
	23
	24
	25
	26
	27
	28
	29
	30
	31
	32
	33
	34
	35
	36
	37
	38
	39
	40
	41
	42
	43
	44
	45
	46
	47
	48
	49
	50
	51
	52
	53
	54
	55
	56
	57
	58
	59
	60
	61
	62
	63
	0 -- 0
	1 -- 2
	2 -- 4
	3 -- 6
	4 -- 8
	5 -- 10
	6 -- 12
	7 -- 14
	8 -- 16
	9 -- 18
	10 -- 20
	11 -- 22
	12 -- 24
	13 -- 26
	14 -- 28
	15 -- 30
	16 -- 32
	17 -- 34
	18 -- 36
	19 -- 38
	20 -- 40
	21 -- 42
	22 -- 44
	23 -- 46
	24 -- 49
	25 -- 51
	26 -- 53
	27 -- 55
	28 -- 57
	29 -- 59
	30 -- 61
	31 -- 63
	32 -- 1
	33 -- 3
	34 -- 5
	35 -- 7
	36 -- 9
	37 -- 11
	38 -- 13
	39 -- 15
	40 -- 17
	41 -- 19
	42 -- 21
	43 -- 23
	44 -- 25
	45 -- 27
	46 -- 29
	47 -- 31
	48 -- 33
	49 -- 35
	50 -- 37
	51 -- 39
	52 -- 41
	53 -- 43
	54 -- 45
	55 -- 47
	56 -- 48
	57 -- 50
	58 -- 52
	59 -- 54
	60 -- 56
	61 -- 58
	62 -- 60
	63 -- 62
}
